Total No of Frames = 11000  (1 frame = 0.1 sec)

Cell No.   X      Y    N_Spikes  Frames
Cell#001  278.8  271.7   097 :   123  138  193  243  260  315  463  663  744  831  916  1074  1262  1337  1537  1822  1924  1958  2182  2615  2797  3030  3152  3168  3318  3393  3434  3447  3630  3934  3958  4038  4112  4213  4364  4589  4639  4674  4693  4706  4798  5076  5107  5206  5262  5525  5549  6173  6206  6466  6727  6853  6895  6925  7168  7328  7434  7567  7664  7692  7733  7751  7859  7885  7948  8030  8469  8561  8635  8670  8708  8725  9076  9134  9189  9203  9220  9285  9352  9436  9492  9669  9732  9788  9927  10022  10057  10309  10452  10493  10615  10636  10653  10671  10692  10705  10720 
Cell#002  358.6  268.3   064 :   28  123  451  691  1045  1273  1376  1487  1593  1630  1802  2384  2405  2481  2618  2651  2942  2965  3033  3287  3313  3335  3578  4039  4549  4714  4943  5051  5069  5293  5441  5466  5471  5488  5631  5656  5805  5824  6132  6176  6545  6740  7021  7044  7088  7256  7269  7286  7326  7448  7784  8468  8490  8503  8525  8907  8966  9380  9487  9734  10051  10288  10612  10729 
Cell#003  361.5  261.6   011 :   1273  5052  5440  6173  6538  7020  7253  7307  10613  10728  10744 
Cell#004  316.9  258.6   008 :   1257  1486  5429  5443  5466  9311  10180  10211 
Cell#005  281.7  242.1   031 :   296  411  579  1264  1593  1705  3168  4096  6122  6178  6763  7332  7625  7772  7954  8052  8086  8496  8674  8827  9081  9094  9119  9272  9348  9372  9668  9678  9692  10058  10105 
Cell#006  317.6  232.3   001 :   3177 
Cell#007  253.2  225.6   006 :   713  1168  4747  7225  8585  10452 
Cell#008  273.7  221.2   147 :   1  17  32  43  50  63  81  94  104  126  134  143  167  184  204  229  247  261  273  286  302  310  327  336  358  384  399  410  425  441  457  472  489  502  519  555  571  584  598  624  663  695  710  713  724  741  770  782  799  822  838  847  862  881  903  923  969  983  999  1013  1030  1045  1061  1078  1095  1106  1127  1166  1189  1219  1259  1286  1301  1323  1355  1370  1394  1407  1432  1452  1469  1487  1506  1560  1570  1594  1606  1622  1659  1673  1695  1736  1778  1793  1839  1858  1877  1936  1949  1978  1997  2672  2726  3086  3139  3194  3246  3306  3326  3374  3385  3399  3427  3535  3653  3781  3806  3843  3979  4032  4074  4163  4214  4370  4429  4579  4670  4859  4973  5120  5134  5167  5234  5284  5358  5585  5798  5864  6094  6119  6543  6788  7213  7602  8577  10564  10840 
Cell#009  313.2  219.6   317 :   29  59  78  122  139  152  167  193  205  222  232  245  261  274  313  375  410  426  439  452  469  485  504  515  525  545  556  609  663  678  688  706  731  780  860  943  1028  1040  1059  1077  1095  1113  1127  1139  1167  1193  1212  1254  1264  1287  1324  1342  1368  1397  1418  1445  1486  1536  1562  1578  1593  1715  1736  1793  1805  1823  1840  1860  1873  1887  1902  1917  1930  1959  2009  2044  2058  2158  2182  2348  2373  2395  2424  2440  2451  2465  2473  2500  2519  2533  2551  2565  2590  2615  2629  2643  2650  2717  2755  2767  2790  2809  2818  2838  2878  2905  2916  2929  2942  2989  3031  3120  3164  3189  3222  3246  3323  3345  3367  3520  3534  3549  3569  3586  3602  3775  3830  4036  4056  4133  4157  4190  4217  4229  4253  4270  4324  4376  4401  4429  4452  4466  4488  4605  4643  4662  4676  4685  4716  4819  4892  4912  4963  5026  5107  5124  5135  5258  5282  5296  5353  5470  5489  5560  5615  5625  5663  5739  5800  5886  5945  5958  5988  5998  6037  6116  6160  6252  6362  6382  6510  6525  6586  6615  6726  6762  6884  6895  6928  6945  6955  6965  7027  7165  7176  7195  7258  7286  7297  7308  7350  7456  7479  7527  7553  7566  7705  7751  7766  7789  7812  7833  7858  7883  7908  7930  7955  7975  7984  7996  8021  8055  8076  8162  8197  8216  8240  8323  8344  8381  8389  8403  8469  8495  8514  8527  8570  8610  8670  8679  8707  8727  8742  8855  9032  9061  9082  9095  9161  9171  9222  9238  9297  9307  9324  9351  9378  9399  9412  9499  9552  9562  9574  9584  9642  9654  9668  9680  9693  9706  9716  9752  9773  9786  9799  9808  9819  9861  9898  9918  9928  9945  9993  10059  10086  10105  10131  10187  10203  10244  10257  10290  10310  10327  10367  10414  10455  10474  10506  10531  10560  10572  10596  10608  10649  10728  10743  10762  10777  10798  10835  10882  10894  10940  10951  10963  10993 
Cell#010  213.7  218.6   024 :   1166  6098  6514  6760  7090  7583  7681  8107  8147  8480  8675  8882  9012  9031  9425  9459  9919  10265  10346  10362  10378  10565  10699  10786 
Cell#011  261.3  212.8   038 :   41  167  235  318  429  463  484  638  677  713  1119  1672  1716  1734  2764  2792  2983  2998  3513  3534  3761  4123  4356  4628  5743  5862  8565  8686  8717  9012  9031  9166  9312  9786  10172  10187  10279  10297 
Cell#012  213.7  203.8   143 :   127  248  438  459  568  693  710  781  860  903  1035  1374  1593  1734  1748  1809  2144  2286  2347  2534  2552  2575  2895  2916  3124  3226  3347  3455  3530  3547  3579  3665  3798  3836  3951  3979  3997  4131  4303  4468  4604  4729  4943  4980  5073  5226  5238  5257  5273  5317  5354  5376  5428  5454  5489  5543  5645  5669  5726  6016  6110  6221  6398  6439  6511  6573  6591  6605  6682  6697  6715  6771  7020  7038  7165  7180  7307  7518  7595  7644  7728  7783  7931  7948  8042  8057  8158  8303  8348  8371  8390  8423  8500  8515  8526  8628  8642  8692  8707  8713  8730  8793  8804  8817  9080  9204  9321  9383  9396  9409  9495  9545  9562  9621  9640  9776  9835  9902  9915  10034  10113  10281  10294  10320  10338  10353  10366  10376  10386  10445  10515  10545  10566  10595  10606  10689  10735  10743  10785  10833  10894  10914  10947 
Cell#013  251.0  201.7   110 :   206  618  664  1121  1293  1373  1568  1665  2337  2370  2440  2547  2568  2779  2873  2915  2980  3002  3070  3139  3342  3357  3529  3568  3827  3906  3919  4058  4093  4132  4280  4337  4405  4645  4720  4745  4879  4897  4929  5088  5122  5282  5362  5392  5436  5524  5721  5810  5871  5924  6066  6445  6470  6508  6627  6743  6832  7059  7101  7115  7180  7330  7486  7523  7553  7698  7867  7901  7913  8041  8158  8270  8351  8408  8494  8529  8670  8687  8709  8730  8932  9023  9047  9076  9221  9345  9418  9589  9678  9702  9735  9762  9902  9946  10246  10281  10298  10405  10501  10522  10564  10654  10686  10706  10805  10886  10894  10905  10920  10978 
Cell#014  294.2  201.1   150 :   46  84  123  204  268  497  553  693  814  971  995  1051  1248  1349  1465  1635  1666  1683  1796  1888  2331  2350  2422  2536  2731  2745  2764  2814  2898  2938  2981  3071  3235  3251  3258  3292  3477  3538  3568  3753  3770  3851  3867  3950  3972  4058  4079  4094  4112  4131  4219  4254  4328  4352  4530  4557  4571  4597  4659  4731  4783  4850  4860  4980  4994  5060  5089  5123  5245  5270  5282  5384  5416  5460  5484  5561  5636  5649  5717  5728  5787  5871  5889  5907  5925  5951  6077  6153  6168  6245  6508  6524  6538  6594  6629  6640  6658  6754  6846  6878  6981  7000  7057  7069  7084  7178  7268  7306  7329  7493  7554  7651  7666  7721  7904  7930  7981  8038  8052  8076  8176  8197  8307  8363  8453  8589  8609  8730  8892  8911  9124  9325  9346  9359  9446  9463  9588  9601  9637  9706  9815  10030  10087  10292  10319  10337  10502  10521  10537  10830 
Cell#015  339.5  198.7   123 :   319  332  871  917  1551  1654  1696  1772  2158  2475  2583  2663  2681  2694  2879  2974  3191  3275  3338  3386  3592  3824  3977  4111  4249  4260  4384  4431  4449  4482  4499  4511  4609  4724  4759  4787  4803  4817  5154  5174  5284  5307  5329  5469  5526  5913  5954  5979  6007  6051  6171  6253  6289  6423  6462  6524  6557  6595  6752  7077  7092  7111  7141  7167  7180  7194  7204  7213  7292  7381  7407  7425  7494  7561  7660  7749  7798  7809  7830  7844  7861  7890  7964  8097  8265  8283  8432  8678  8793  8827  8977  9185  9216  9325  9440  9487  9510  9543  9618  9739  9754  9900  10089  10191  10222  10246  10286  10325  10451  10495  10547  10593  10604  10678  10704  10731  10751  10805  10823  10854  10883  10899  10919 
Cell#016  311.7  188.6   010 :   318  689  781  2425  2619  5667  5888  6171  6511  6893 
Cell#017  264.2  186.3   457 :   22  81  98  116  140  166  177  193  207  219  246  293  352  373  385  392  418  451  470  483  493  544  561  621  635  658  675  694  707  727  781  842  853  910  922  929  976  988  997  1010  1026  1037  1049  1062  1073  1152  1184  1206  1246  1292  1304  1360  1393  1405  1441  1455  1528  1642  1653  1662  1681  1704  1746  1761  1774  1803  1819  1830  1929  1979  1996  2043  2054  2104  2115  2187  2213  2235  2260  2297  2308  2359  2384  2425  2437  2453  2468  2476  2494  2519  2533  2544  2562  2592  2618  2647  2697  2724  2736  2761  2785  2804  2844  2869  2886  2905  2921  2964  2980  3004  3030  3040  3051  3061  3124  3138  3150  3167  3182  3222  3238  3260  3273  3320  3335  3362  3385  3441  3452  3478  3489  3504  3519  3530  3546  3572  3591  3602  3624  3643  3665  3718  3728  3745  3770  3808  3818  3855  3876  3884  3891  3901  3932  3946  3964  3979  4007  4037  4100  4110  4122  4156  4176  4196  4224  4234  4255  4268  4309  4330  4347  4358  4380  4404  4421  4440  4528  4537  4551  4701  4721  4731  4744  4778  4800  4815  4832  4866  4876  4889  4907  4917  4931  4945  4967  4995  5010  5034  5048  5071  5105  5120  5208  5219  5242  5273  5293  5318  5324  5345  5372  5406  5415  5428  5456  5482  5494  5516  5539  5565  5591  5618  5686  5746  5765  5809  5824  5847  5878  5897  5912  5944  5979  6020  6055  6083  6094  6105  6113  6127  6154  6191  6218  6232  6252  6269  6285  6299  6343  6361  6394  6406  6421  6464  6474  6507  6521  6530  6545  6558  6584  6600  6639  6683  6693  6714  6738  6767  6779  6792  6809  6823  6858  6876  6909  6936  6949  6954  6977  6995  7008  7026  7040  7058  7071  7086  7110  7122  7132  7149  7171  7182  7202  7237  7248  7266  7282  7299  7323  7346  7373  7395  7415  7430  7445  7464  7482  7505  7527  7540  7583  7627  7652  7662  7681  7693  7704  7719  7742  7779  7789  7814  7833  7871  7882  7917  7929  7956  7965  7974  7988  8002  8019  8043  8055  8076  8105  8118  8130  8139  8149  8164  8172  8247  8284  8339  8348  8370  8383  8399  8413  8454  8466  8475  8498  8512  8525  8541  8550  8559  8571  8593  8610  8622  8641  8671  8681  8716  8730  8788  8804  8821  8829  8869  8889  8901  8935  8947  8972  8982  9024  9045  9058  9118  9132  9166  9179  9199  9226  9252  9269  9306  9323  9332  9348  9364  9385  9399  9418  9428  9460  9473  9490  9512  9523  9534  9549  9577  9610  9634  9667  9693  9708  9716  9737  9751  9761  9805  9830  9845  9870  9902  9932  9946  9971  10005  10048  10071  10094  10121  10157  10172  10260  10282  10294  10309  10318  10414  10451  10465  10476  10512  10525  10564  10582  10613  10684  10709  10728  10744  10779  10818  10846  10940  10962  10981  10997 
Cell#018  204.2  184.2   072 :   345  705  843  1062  1222  1444  1640  1804  2008  2342  2355  2630  2753  2800  2979  3003  3157  3535  3832  4682  4987  4998  5008  5111  5293  5396  5521  5683  6095  6106  6116  6441  6641  6888  6952  7169  7230  7596  7917  8009  8035  8097  8316  8472  8498  8575  8604  8829  8848  8868  9115  9266  9274  9784  9898  10283  10312  10355  10369  10384  10395  10405  10502  10522  10595  10609  10627  10649  10731  10829  10908  10961 
Cell#019  285.4  175.5   088 :   680  886  904  1217  3213  3446  3459  4099  4510  4524  4541  5051  5362  5647  5889  5938  5994  6061  6213  6230  6433  6685  6928  6992  7077  7241  7248  7267  7403  7431  7449  7526  7831  7862  7873  7890  7902  7918  7997  8053  8099  8136  8161  8177  8269  8297  8314  8401  8431  8465  8486  8497  8518  8526  8536  8550  8567  8775  8875  8968  9030  9193  9215  9274  9286  9378  9624  9641  9698  9751  9783  9798  9896  10208  10236  10260  10361  10390  10464  10479  10613  10629  10671  10734  10783  10796  10890  10913 
Cell#020  245.2  173.1   033 :   2930  2950  3245  3651  4050  4279  4361  4386  4890  5099  5448  5483  5526  5600  5700  5758  5822  7389  8105  8402  8999  9414  9471  9541  9557  9639  9705  9729  9778  9795  9898  10159  10741 
Cell#021  176.4  171.5   018 :   27  68  123  245  318  436  601  780  861  1092  1260  1593  1845  1872  3250  4643  5079  7041 
Cell#022  322.0  170.1   000 :  
Cell#023  302.2  165.1   001 :   10398 
Cell#024  268.6  164.7   042 :   3029  3233  3508  3599  4021  4070  4099  4382  4406  4530  4772  4788  5007  5485  5615  5675  5745  5768  5879  6635  7170  7300  7772  8071  8202  8283  8436  8567  8585  8623  8726  8813  8878  8920  9112  9125  9321  9456  9478  10573  10728  10825 
Cell#025  218.8  163.1   133 :   29  48  68  243  318  437  478  781  1010  1093  1119  1315  1552  1592  1681  2127  2385  2600  2771  2789  2939  2961  3138  3175  3471  3482  3530  3653  3707  3870  3946  4004  4108  4164  4189  4219  4242  4322  4333  4363  4574  4594  4628  4712  4855  4984  5092  5117  5131  5228  5266  5390  5415  5480  5513  5648  5665  5768  5783  5865  5919  5941  6073  6208  6240  6324  6466  6483  6496  6577  6681  6744  6757  6769  6860  6896  7035  7071  7120  7211  7239  7253  7477  7500  7559  7624  7638  7653  7692  7713  7909  7932  7998  8080  8149  8364  8385  8501  8523  8552  8681  8720  8882  8959  8982  9002  9075  9111  9270  9306  9322  9397  9439  9497  9619  9670  9752  9774  9796  9940  9955  10028  10276  10402  10438  10552  10567  10637  10663  10692  10727  10981  10996 
Cell#026  200.6  159.4   020 :   722  781  1297  1593  2942  3508  4560  4880  4892  5129  5436  5486  5780  8559  9313  9323  9558  9630  10191  10821 
Cell#027  241.5  156.0   045 :   1144  3653  3843  3871  4333  4363  4609  4713  4795  5129  5391  5404  5486  6293  6310  7120  7348  7603  7618  7834  8079  8149  8181  8340  8386  8469  8552  8626  8857  9407  9421  9617  9836  9851  9866  9940  9955  10028  10320  10659  10693  10722  10918  10935  10979 
Cell#028  160.3  153.6   020 :   1592  2007  2434  3533  3992  5216  5264  5559  8687  8706  8718  10079  10237  10258  10331  10368  10403  10565  10909  10960 
Cell#029  286.1  152.3   002 :   1100  1165 
Cell#030  207.9  150.3   187 :   23  63  80  202  318  440  559  587  599  679  734  753  780  862  943  1024  1084  1162  1199  1252  1364  1449  1488  1557  1594  1764  1795  1859  1887  1898  1929  2008  2159  2307  2341  2362  2545  2617  2651  2679  2811  2891  2901  3027  3234  3304  3326  3358  3565  3679  3694  3711  3775  3921  3940  3978  4023  4035  4046  4072  4135  4194  4207  4224  4308  4389  4403  4428  4442  4452  4558  4572  4584  4595  4635  4661  4683  4724  4760  4774  4790  4808  4819  4916  4947  5007  5133  5294  5331  5484  5532  5676  5699  5767  5783  5793  5810  5873  5898  5925  5942  5958  6194  6382  6679  6698  6711  6752  6798  6813  6848  6890  6925  7168  7185  7345  7456  7493  7539  7691  7784  7812  7835  8007  8042  8052  8064  8096  8188  8203  8215  8239  8323  8367  8569  8595  8692  8707  8729  8741  8829  8877  8921  9171  9323  9442  9461  9486  9500  9735  9818  9835  9923  9995  10052  10079  10099  10113  10127  10151  10190  10235  10254  10273  10287  10300  10312  10328  10369  10382  10400  10436  10456  10477  10567  10604  10620  10694  10794  10804  10818  10851  10865  10949  10960  10976  10989 
Cell#031  184.5  146.2   224 :   30  67  128  147  220  248  303  342  353  439  508  528  627  692  710  724  781  856  883  904  1064  1126  1203  1268  1348  1378  1399  1478  1562  1593  1622  1684  1795  1976  2008  2138  2152  2182  2272  2312  2331  2346  2434  2481  2509  2564  2579  2630  2740  2775  2835  2916  2939  3003  3014  3023  3085  3167  3226  3305  3384  3525  3543  3556  3597  3610  3633  3727  3796  3813  3827  3874  3887  3950  3961  3976  4019  4029  4040  4067  4084  4146  4159  4166  4179  4196  4211  4347  4358  4408  4443  4599  4638  4649  4662  4703  4726  4809  4897  4935  4963  5069  5086  5130  5173  5210  5418  5427  5494  5510  5548  5569  5645  5654  5707  5780  5827  5909  5949  5961  5981  6015  6027  6039  6124  6175  6245  6254  6353  6365  6428  6444  6509  6581  6602  6690  6812  6836  6867  6878  6922  7058  7095  7135  7185  7227  7306  7598  7650  7681  7716  7755  7768  7837  7897  7926  8033  8080  8101  8180  8197  8218  8255  8282  8309  8387  8399  8435  8485  8508  8542  8564  8598  8647  8667  8690  8751  8771  8803  8861  8874  8943  9066  9086  9158  9190  9229  9345  9384  9426  9444  9516  9534  9555  9648  9674  9686  9753  9780  9795  9874  9956  10033  10044  10067  10080  10165  10177  10242  10314  10337  10352  10403  10467  10490  10620  10633  10767  10800  10842  10887  10906  10925  10992 
Cell#032  273.0  144.9   000 :  
Cell#033  313.2  144.9   003 :   9296  9554  9998 
Cell#034  169.8  138.8   449 :   9  33  105  122  134  149  180  204  243  255  276  365  381  395  410  419  428  457  472  485  495  513  532  543  554  575  589  625  663  679  692  722  734  745  755  781  803  822  843  901  912  926  987  999  1024  1039  1053  1071  1089  1110  1122  1136  1157  1168  1212  1237  1259  1281  1292  1306  1330  1345  1359  1381  1399  1422  1441  1474  1485  1515  1530  1554  1578  1591  1611  1631  1664  1682  1711  1746  1757  1769  1781  1798  1821  1836  1847  1859  1873  1886  1907  1919  1928  1963  2009  2027  2041  2056  2065  2083  2113  2132  2151  2185  2219  2239  2259  2273  2289  2320  2331  2341  2359  2415  2434  2466  2483  2516  2532  2543  2572  2594  2622  2641  2652  2667  2684  2702  2749  2760  2805  2871  2882  2905  2923  2946  2978  3002  3043  3064  3076  3095  3107  3124  3139  3160  3169  3179  3213  3229  3273  3303  3325  3347  3358  3386  3400  3421  3444  3476  3493  3525  3548  3570  3588  3601  3621  3632  3643  3656  3693  3708  3727  3758  3787  3799  3820  3842  3858  3886  3902  3921  3936  3959  3976  3987  3999  4043  4062  4080  4101  4115  4142  4172  4204  4219  4244  4259  4281  4294  4336  4391  4424  4463  4502  4520  4532  4558  4575  4586  4599  4638  4662  4671  4682  4713  4722  4747  4759  4781  4811  4835  4862  4873  4891  4908  4918  4946  4964  4988  5032  5064  5077  5087  5107  5129  5146  5173  5186  5200  5234  5259  5268  5293  5313  5356  5397  5427  5456  5485  5502  5508  5518  5535  5558  5584  5616  5636  5657  5689  5700  5711  5727  5746  5767  5808  5821  5831  5845  5854  5878  5889  5906  5925  5939  5955  5965  5975  6000  6014  6028  6049  6075  6094  6108  6120  6151  6163  6178  6205  6242  6253  6265  6276  6315  6330  6345  6359  6426  6437  6449  6464  6481  6490  6520  6536  6556  6569  6592  6608  6622  6638  6652  6666  6684  6705  6718  6728  6759  6774  6785  6796  6809  6828  6866  6885  6962  6980  6997  7025  7043  7064  7085  7101  7111  7138  7167  7187  7228  7242  7255  7283  7297  7306  7325  7342  7446  7483  7539  7551  7566  7620  7636  7652  7694  7713  7750  7760  7795  7802  7875  7922  7938  7953  8013  8023  8036  8074  8095  8106  8125  8140  8163  8200  8363  8388  8408  8445  8474  8489  8507  8572  8602  8627  8644  8677  8690  8706  8724  8737  8785  8842  8874  8891  8908  8924  8951  8962  8983  8997  9005  9026  9035  9092  9105  9116  9125  9158  9170  9270  9289  9303  9321  9343  9353  9368  9446  9482  9577  9606  9628  9639  9650  9668  9692  9706  9788  9805  9908  9924  9946  9963  9978  9991  10032  10179  10190  10314  10332  10354  10380  10404  10547  10561  10612  10622  10644  10685  10949 
Cell#035  226.2  138.5   006 :   10357  10448  10560  10582  10615  10960 
Cell#036  305.9  133.1   000 :  
Cell#037  141.3  126.7   030 :   123  181  237  248  457  484  770  1076  1375  1425  1450  1770  2009  2381  2403  2818  2991  3328  4288  5622  5673  5907  8196  8317  8481  8984  9038  9487  9499  9692 
Cell#038  254.7  126.1   011 :   315  2373  2392  7249  7263  7495  7975  8053  8961  8988  10063 
Cell#039  180.1  122.7   034 :   690  780  805  829  1148  1291  1383  1424  1672  1769  1816  1873  2338  2370  2990  4101  4811  5076  6262  6274  6543  6556  6814  6826  6950  7034  7059  7451  7508  7563  7575  7712  9574  9657 
Cell#040  235.7  121.7   332 :   59  73  91  117  177  193  225  288  301  356  367  403  417  448  467  484  495  549  565  596  611  658  695  709  722  733  756  804  830  849  933  958  976  1000  1081  1098  1208  1228  1273  1342  1366  1423  1444  1478  1515  1538  1568  1624  1640  1727  1758  1770  1779  1814  1834  1847  1872  1887  1921  1983  2005  2088  2222  2243  2275  2309  2341  2377  2407  2423  2446  2461  2495  2517  2552  2563  2588  2649  2663  2678  2715  2741  2769  2800  2817  2849  2873  2898  2925  2938  2965  2984  3003  3013  3022  3043  3097  3110  3140  3164  3211  3231  3251  3269  3288  3334  3360  3403  3432  3446  3461  3475  3501  3511  3538  3562  3592  3608  3660  3679  3692  3715  3732  3743  3755  3785  3814  3845  3883  3933  3966  3985  4001  4044  4075  4100  4114  4128  4182  4270  4277  4295  4322  4375  4423  4501  4519  4534  4554  4594  4606  4626  4656  4675  4709  4724  4749  4765  4777  4788  4812  4834  4854  4868  4881  4984  5023  5042  5076  5090  5101  5115  5129  5188  5203  5225  5284  5294  5327  5345  5360  5379  5414  5432  5458  5474  5496  5508  5523  5533  5546  5560  5581  5598  5610  5623  5664  5779  5792  5805  5833  5852  5871  5927  5940  5958  5992  6018  6032  6051  6126  6136  6151  6178  6203  6309  6326  6347  6359  6437  6451  6466  6476  6488  6500  6534  6547  6587  6602  6636  6756  6799  6882  6926  6996  7012  7032  7075  7107  7124  7152  7189  7250  7267  7288  7431  7449  7478  7500  7522  7556  7621  7637  7653  7693  7745  7765  7776  7795  7897  7926  7961  7989  8064  8078  8156  8170  8181  8215  8247  8333  8348  8361  8373  8419  8442  8453  8485  8503  8553  8562  8669  8694  8707  8730  8833  8846  8892  8961  8984  9012  9143  9222  9243  9269  9292  9352  9367  9446  9456  9476  9536  9572  9730  9792  9817  9834  9938  9972  10039  10051  10062  10072  10087  10107  10122  10177  10245  10269  10346  10449  10497  10509  10525  10708  10726  10742  10768  10802  10935  10969  10990 
Cell#041  216.6  120.3   035 :   163  691  780  975  1013  1074  1098  1274  1306  1422  1727  1737  1872  1885  2460  2473  2649  2799  3446  3692  3931  4100  4127  4183  4312  4811  6135  7693  7962  8037  8221  8690  8708  8955  9012 
Cell#042  367.3  119.3   220 :   1  19  32  48  70  248  264  294  312  404  420  450  483  537  556  580  742  781  843  862  940  1044  1135  1168  1254  1271  1291  1316  1442  1488  1558  1594  1684  1764  1797  1928  2009  2159  2341  2380  2404  2421  2471  2508  2519  2543  2601  2622  2650  2787  2804  2818  2889  2914  2946  2962  2990  3025  3050  3094  3108  3127  3146  3177  3301  3323  3348  3358  3477  3500  3514  3542  3556  3565  3598  3616  3653  3665  3681  3697  3713  3769  3906  3924  3947  3962  3980  3997  4016  4028  4132  4204  4243  4257  4280  4317  4328  4346  4429  4451  4549  4582  4596  4608  4645  4661  4683  4722  4741  4760  4777  4804  4820  4869  4892  4910  4925  4946  4985  5049  5078  6155  6191  6230  6382  6410  6420  6436  6450  6480  6520  6544  6559  6579  6605  6623  6658  6681  6715  6727  6743  6769  6900  7039  7061  7071  7100  7114  7184  7235  7251  7337  7349  7456  7480  7500  7527  7544  7554  7612  7653  7664  7712  7723  7752  7980  8076  8151  8190  8215  8236  8318  8364  8388  8394  8412  8496  8516  8527  8551  8568  8589  8626  8683  8708  8742  8968  8982  9001  9042  9182  9221  9309  9324  9447  9490  9542  9560  9589  9619  9629  9640  9656  9671  9693  9733  9818  10119  10200  10228  10277  10312  10354  10375  10446  10546  10566  10620  10823  10847 
Cell#043  134.0  116.6   158 :   27  221  527  682  696  780  897  918  1126  1238  1475  1685  1902  1937  1964  2009  2436  2681  2927  2976  2991  3059  3228  3244  3363  3377  3395  3404  3419  3433  3485  3555  3614  3786  3850  3959  3998  4017  4080  4110  4249  4312  4365  4458  4480  4490  4616  4630  4647  4667  4719  4751  4772  4883  4923  4948  4967  5065  5108  5131  5143  5179  5217  5226  5274  5295  5304  5316  5379  5433  5525  5886  5965  5978  6007  6017  6164  6400  6418  6480  6508  6520  6546  6678  6769  6827  6914  6930  6947  7031  7041  7060  7101  7167  7226  7263  7377  7380  7391  7403  7415  7544  7601  7657  7795  7821  7859  7915  7929  7946  8145  8174  8212  8263  8366  8389  8429  8450  8636  8687  8708  8795  8815  8941  8995  9024  9182  9211  9225  9374  9443  9458  9543  9605  9622  9639  9692  9768  9949  9988  10049  10104  10200  10212  10224  10280  10304  10325  10343  10378  10463  10484  10580  10609  10804  10855  10874  10900 
Cell#044  300.8  115.0   005 :   781  862  941  1167  1593 
Cell#045  191.0  111.3   203 :   49  98  189  276  313  440  495  555  691  952  1031  1078  1128  1149  1227  1280  1291  1358  1376  1412  1460  1490  1671  1750  1798  1901  1995  2081  2323  2381  2578  2607  2748  2765  2795  2944  2963  3060  3139  3181  3196  3245  3272  3286  3333  3401  3468  3481  3507  3543  3608  3671  3829  3901  3926  3941  3965  3983  4073  4114  4130  4151  4178  4199  4249  4267  4315  4330  4408  4446  4524  4550  4559  4580  4601  4615  4627  4637  4656  4699  4718  4804  4833  4853  4882  4922  4932  4951  4967  5070  5096  5123  5176  5217  5240  5262  5425  5486  5520  5541  5576  5603  5628  5715  5738  5759  5773  5802  5849  5888  5904  5914  5929  5993  6034  6097  6113  6124  6151  6167  6180  6208  6380  6464  6479  6490  6524  6558  6645  6658  6672  6777  6849  6898  6924  6951  6969  7026  7051  7103  7150  7194  7210  7344  7414  7424  7447  7479  7557  7577  7628  7644  7680  7690  7700  7713  7808  7839  7891  7908  7948  7964  7984  8003  8068  8089  8111  8171  8189  8213  8394  8417  8433  8449  8484  8604  8646  8684  8702  8897  8994  9011  9052  9129  9387  9486  9657  9682  9901  9945  10063  10095  10103  10200  10303  10317  10372  10650  10667  10721  10747  10868  10978 
Cell#046  157.4  108.9   160 :   528  781  1215  1779  1808  1902  1928  2323  2341  2356  2548  2751  2782  2914  2935  2977  3002  3018  3108  3123  3138  3215  3226  3236  3300  3485  3530  3557  3632  3646  3718  3854  3886  3960  4125  4204  4223  4404  4427  4489  4545  4584  4600  4646  4683  4902  4922  4980  4992  5005  5044  5111  5130  5225  5352  5463  5483  5508  5544  5609  5667  5775  5787  6058  6069  6092  6103  6116  6326  6418  6432  6443  6543  6638  6678  6690  6702  6715  6770  6839  6867  6895  6916  6946  6963  6981  7019  7082  7167  7227  7273  7436  7449  7581  7596  7641  7665  7740  7950  7977  7992  8008  8079  8098  8191  8201  8305  8412  8426  8442  8476  8498  8528  8576  8596  8688  8701  8718  8813  8829  8852  8881  8898  8955  8972  8982  8993  9096  9113  9147  9250  9261  9277  9431  9444  9455  9495  9573  9600  9646  9657  9738  9768  9782  9859  10046  10078  10088  10121  10261  10286  10352  10508  10522  10595  10692  10731  10744  10783  10831 
Cell#047  262.0  106.9   018 :   2817  3383  3388  3396  4740  6285  6462  6492  6898  8449  8477  8514  8533  8542  8552  8893  9092  10036 
Cell#048  226.2  101.2   000 :  
Cell#049  181.5  097.1   122 :   1423  1884  1900  2794  2922  3521  3574  3876  3920  3977  4076  4126  4195  4210  4228  4258  4348  4548  4566  4612  4639  4649  4772  4793  4916  4943  4968  5103  5226  5244  5266  5430  5449  5604  5728  5813  5824  5954  6069  6082  6100  6171  6190  6290  6470  6486  6508  6527  6535  6562  6582  6650  6711  6819  6833  7011  7022  7030  7049  7104  7139  7152  7165  7306  7330  7345  7445  7613  7639  7780  7907  7946  7979  8005  8061  8080  8104  8337  8412  8448  8471  8563  8593  8892  8937  9066  9080  9109  9126  9140  9207  9270  9281  9293  9415  9430  9483  9639  9653  9740  9763  9784  9926  9958  9969  9988  10126  10247  10264  10282  10294  10344  10550  10596  10627  10659  10728  10792  10824  10885  10943  10963 
Cell#050  276.6  096.5   002 :   7101  8673 
Cell#051  211.5  092.1   001 :   8889 
Cell#052  106.2  092.1   025 :   34  247  557  691  1925  3304  5528  5600  6834  6929  7291  8003  8190  8402  8965  9000  9012  9026  9143  9169  9348  9531  10563  10705  10989 
Cell#053  142.8  090.7   006 :   693  6476  10374  10439  10541  10946 
Cell#054  185.2  084.0   001 :   780 
Cell#055  095.2  083.7   126 :   181  272  314  405  431  551  681  773  1014  1051  1070  1224  1313  1372  1437  1553  1589  1724  1764  1928  2031  2240  2538  2721  2756  2787  2869  3000  3049  3092  3254  3303  3335  3473  3515  3572  3601  3768  3979  4120  4326  4349  4364  4380  4399  4541  4596  4784  4809  4870  4912  4944  5117  5409  5533  5550  5617  5672  5778  5803  5838  6057  6081  6300  6537  6578  6640  6686  6736  7087  7108  7132  7155  7172  7203  7235  7257  7295  7326  7447  7498  7537  7590  7697  7721  7786  7816  7884  7900  7930  7967  8033  8065  8102  8176  8212  8498  8526  8553  8679  8704  8727  8903  8922  8977  9033  9089  9118  9151  9167  9256  9342  9361  9430  9442  9600  9630  9661  9673  9929  9967  10047  10128  10330  10843  10959 
Cell#056  113.5  068.9   057 :   69  196  353  528  884  1070  1684  2282  2555  2578  3023  3176  3233  3301  3520  3541  3725  3769  3799  3889  3950  4036  4067  4177  4195  4208  4311  4330  4670  4707  4722  4870  4899  4964  5129  5514  5548  5710  5922  5964  7051  7755  7777  8096  8197  8398  8485  8773  8792  8816  8941  9158  9186  9315  9346  9431  9956 
Cell#057  204.9  055.4   003 :   3895  3967  4043 
Cell#058  043.3  051.1   142 :   29  68  85  287  433  573  685  1075  1335  1400  1481  1623  1684  1823  1852  1975  2323  2463  2477  2581  2645  2738  2801  2875  2917  2940  2989  3052  3168  3243  3268  3346  3403  3511  3540  3556  3629  3802  3855  3879  3917  3957  4016  4123  4158  4197  4232  4244  4258  4323  4533  4623  4628  4644  4659  4676  4719  4731  4790  4849  4869  4915  5061  5222  5264  5281  5365  5379  5436  5556  5590  5666  5723  5772  5836  5884  5993  6102  6155  6252  6579  6684  6697  7054  7168  7192  7313  7326  7482  7511  7541  7552  7599  7725  7770  7802  7838  7925  7944  8057  8113  8138  8171  8315  8366  8404  8453  8610  8685  8709  8816  8940  8982  9031  9119  9196  9266  9281  9322  9347  9375  9464  9635  9640  9697  9753  9855  9897  9943  10015  10051  10147  10174  10279  10328  10381  10579  10596  10608  10677  10772  10895 
Cell#059  132.5  049.4   001 :   8616 
Cell#060  154.5  040.0   013 :   318  781  861  943  1045  1167  1489  1593  1930  2009  2648  2817  8739 
Cell#061  093.0  032.9   154 :   15  79  263  299  319  401  486  614  636  647  781  857  872  886  901  918  934  944  1076  1199  1434  1448  1472  1700  1735  1810  1986  2004  2437  2650  2679  2710  2818  2842  2919  3088  3134  3225  3349  3382  3564  3619  3649  3748  3794  3809  3829  3839  4017  4064  4116  4214  4233  4248  4270  4282  4311  4324  4380  4408  4447  4466  4490  4576  4674  4735  4773  4951  4974  4999  5024  5050  5167  5215  5319  5431  5455  5490  5532  5634  5646  5672  5690  5806  5911  5929  5940  5985  6004  6015  6216  6245  6545  6654  6685  6789  7086  7099  7203  7246  7256  7275  7293  7392  7415  7431  7675  7754  7784  7802  7820  7857  7980  8051  8248  8332  8422  8526  8641  8689  8737  8801  8913  8927  8961  9012  9320  9430  9446  9653  9669  9693  9728  9991  10068  10105  10161  10174  10207  10262  10386  10398  10482  10512  10547  10574  10597  10631  10653  10688  10703  10731  10794  10842 
Cell#062  019.2  011.7   041 :   64  94  478  579  689  1379  1469  1911  2635  2817  2984  3334  3473  3567  3649  3806  3857  3938  4018  4307  4616  4672  4899  5294  5886  5993  6684  6835  7060  7295  7430  7906  8847  8929  9364  9638  9752  10051  10686  10818  10847 
